stageData( {
  "turret":[
    [102, 772,   0, "G"],
    [180, 614,  90, "L"],
    [198, 575,  90, "R"],
    [273, 516,  90, "M"],
    [292, 547,  90, "M"],
    [302, 477,  90, "R"],
    [305, 623,  81, "G"],
    [328, 649,  23, "L"],
    [339, 422, 182, "L"],
    [411, 437, 200, "L"],
    [416, 653, 349, "L"],
    [440, 585, 263, "R"],
    [445, 461, 270, "G"],
    [454, 521, 270, "M"],
    [474, 564, 270, "M"],
    [570, 501, 270, "R"],
    [592, 451, 270, "L"],
    [632, 199, 170, "G"]
  ],
  "searcher": [
    [165, 593, 95],
    [575, 488, 95]
  ]
});
